Iteration Count: 1 Error: 309.667
Iteration Count: 2 Error: 283.989
Iteration Count: 3 Error: 263.103
Iteration Count: 4 Error: 245.47
Iteration Count: 5 Error: 230.194
Iteration Count: 6 Error: 216.711
Iteration Count: 7 Error: 204.645
Iteration Count: 8 Error: 193.733
Iteration Count: 9 Error: 183.782
Iteration Count: 10 Error: 174.646
Iteration Count: 11 Error: 166.212
Iteration Count: 12 Error: 158.391
Iteration Count: 13 Error: 151.111
Iteration Count: 14 Error: 144.311
Iteration Count: 15 Error: 137.941
Iteration Count: 16 Error: 131.958
Iteration Count: 17 Error: 126.325
Iteration Count: 18 Error: 121.011
Iteration Count: 19 Error: 115.989
Iteration Count: 20 Error: 111.233
Iteration Count: 21 Error: 106.722
Iteration Count: 22 Error: 102.438
Iteration Count: 23 Error: 98.363
Iteration Count: 24 Error: 94.4826
Iteration Count: 25 Error: 90.7831
Iteration Count: 26 Error: 87.2524
Iteration Count: 27 Error: 83.8796
Iteration Count: 28 Error: 80.6547
Iteration Count: 29 Error: 77.5688
Iteration Count: 30 Error: 74.6137
Iteration Count: 31 Error: 71.782
Iteration Count: 32 Error: 69.0669
Iteration Count: 33 Error: 66.4622
Iteration Count: 34 Error: 63.9621
Iteration Count: 35 Error: 61.5614
Iteration Count: 36 Error: 59.2551
Iteration Count: 37 Error: 57.0388
Iteration Count: 38 Error: 54.9083
Iteration Count: 39 Error: 52.8597
Iteration Count: 40 Error: 50.8893
Iteration Count: 41 Error: 48.9936
Iteration Count: 42 Error: 47.1696
Iteration Count: 43 Error: 45.4142
Iteration Count: 44 Error: 43.7246
Iteration Count: 45 Error: 42.0981
Iteration Count: 46 Error: 40.5321
Iteration Count: 47 Error: 39.0244
Iteration Count: 48 Error: 37.5725
Iteration Count: 49 Error: 36.1743
Iteration Count: 50 Error: 34.8279
Iteration Count: 51 Error: 33.5311
Iteration Count: 52 Error: 32.2822
Iteration Count: 53 Error: 31.0793
Iteration Count: 54 Error: 29.9208
Iteration Count: 55 Error: 28.8049
Iteration Count: 56 Error: 27.7302
Iteration Count: 57 Error: 26.695
Iteration Count: 58 Error: 25.698
Iteration Count: 59 Error: 24.7377
Iteration Count: 60 Error: 23.8129
Iteration Count: 61 Error: 22.9222
Iteration Count: 62 Error: 22.0643
Iteration Count: 63 Error: 21.2382
Iteration Count: 64 Error: 20.4425
Iteration Count: 65 Error: 19.6763
Iteration Count: 66 Error: 18.9385
Iteration Count: 67 Error: 18.2279
Iteration Count: 68 Error: 17.5437
Iteration Count: 69 Error: 16.8849
Iteration Count: 70 Error: 16.2505
Iteration Count: 71 Error: 15.6396
Iteration Count: 72 Error: 15.0515
Iteration Count: 73 Error: 14.4852
Iteration Count: 74 Error: 13.9401
Iteration Count: 75 Error: 13.4152
Iteration Count: 76 Error: 12.9099
Iteration Count: 77 Error: 12.4234
Iteration Count: 78 Error: 11.9551
Iteration Count: 79 Error: 11.5043
Iteration Count: 80 Error: 11.0703
Iteration Count: 81 Error: 10.6526
Iteration Count: 82 Error: 10.2504
Iteration Count: 83 Error: 9.86338
Iteration Count: 84 Error: 9.49083
Iteration Count: 85 Error: 9.13224
Iteration Count: 86 Error: 8.7871
Iteration Count: 87 Error: 8.45492
Iteration Count: 88 Error: 8.13521
Iteration Count: 89 Error: 7.82751
Iteration Count: 90 Error: 7.53137
Iteration Count: 91 Error: 7.24637
Iteration Count: 92 Error: 6.97209
Iteration Count: 93 Error: 6.70814
Iteration Count: 94 Error: 6.45412
Iteration Count: 95 Error: 6.20968
Iteration Count: 96 Error: 5.97444
Iteration Count: 97 Error: 5.74808
Iteration Count: 98 Error: 5.53025
Iteration Count: 99 Error: 5.32064
Iteration Count: 100 Error: 5.11894
Iteration Count: 101 Error: 4.92486
Iteration Count: 102 Error: 4.7381
Iteration Count: 103 Error: 4.5584
Iteration Count: 104 Error: 4.3855
Iteration Count: 105 Error: 4.21912
Iteration Count: 106 Error: 4.05904
Iteration Count: 107 Error: 3.90501
Iteration Count: 108 Error: 3.75681
Iteration Count: 109 Error: 3.61422
Iteration Count: 110 Error: 3.47702
Iteration Count: 111 Error: 3.34502
Iteration Count: 112 Error: 3.21802
Iteration Count: 113 Error: 3.09582
Iteration Count: 114 Error: 2.97826
Iteration Count: 115 Error: 2.86515
Iteration Count: 116 Error: 2.75632
Iteration Count: 117 Error: 2.65162
Iteration Count: 118 Error: 2.55089
Iteration Count: 119 Error: 2.45398
Iteration Count: 120 Error: 2.36074
Iteration Count: 121 Error: 2.27104
Iteration Count: 122 Error: 2.18474
Iteration Count: 123 Error: 2.10172
Iteration Count: 124 Error: 2.02184
Iteration Count: 125 Error: 1.945
Iteration Count: 126 Error: 1.87107
Iteration Count: 127 Error: 1.79995
Iteration Count: 128 Error: 1.73153
Iteration Count: 129 Error: 1.66571
Iteration Count: 130 Error: 1.60238
Iteration Count: 131 Error: 1.54146
Iteration Count: 132 Error: 1.48285
Iteration Count: 133 Error: 1.42647
Iteration Count: 134 Error: 1.37223
Iteration Count: 135 Error: 1.32005
Iteration Count: 136 Error: 1.26986
Iteration Count: 137 Error: 1.22157
Iteration Count: 138 Error: 1.17511
Iteration Count: 139 Error: 1.13042
Iteration Count: 140 Error: 1.08743
Iteration Count: 141 Error: 1.04607
Iteration Count: 142 Error: 1.00629
Iteration Count: 143 Error: 0.968011
Iteration Count: 144 Error: 0.931192
Iteration Count: 145 Error: 0.895772
Iteration Count: 146 Error: 0.861699
Iteration Count: 147 Error: 0.82892
Iteration Count: 148 Error: 0.797388
Iteration Count: 149 Error: 0.767055
Iteration Count: 150 Error: 0.737875
Iteration Count: 151 Error: 0.709805
Iteration Count: 152 Error: 0.682802
Iteration Count: 153 Error: 0.656825
Iteration Count: 154 Error: 0.631837
Iteration Count: 155 Error: 0.607798
Iteration Count: 156 Error: 0.584674
Iteration Count: 157 Error: 0.56243
Iteration Count: 158 Error: 0.541031
Iteration Count: 159 Error: 0.520446
Iteration Count: 160 Error: 0.500644
Iteration Count: 161 Error: 0.481595
Iteration Count: 162 Error: 0.463271
Iteration Count: 163 Error: 0.445644
Iteration Count: 164 Error: 0.428687
Iteration Count: 165 Error: 0.412376
Iteration Count: 166 Error: 0.396685
Iteration Count: 167 Error: 0.38159
Iteration Count: 168 Error: 0.36707
Iteration Count: 169 Error: 0.353102
Iteration Count: 170 Error: 0.339666
Iteration Count: 171 Error: 0.326741
Iteration Count: 172 Error: 0.314308
Iteration Count: 173 Error: 0.302347
Iteration Count: 174 Error: 0.290842
Iteration Count: 175 Error: 0.279774
Iteration Count: 176 Error: 0.269128
Iteration Count: 177 Error: 0.258886
Iteration Count: 178 Error: 0.249035
Iteration Count: 179 Error: 0.239558
Iteration Count: 180 Error: 0.230441
Iteration Count: 181 Error: 0.221672
Iteration Count: 182 Error: 0.213236
Iteration Count: 183 Error: 0.205121
Iteration Count: 184 Error: 0.197315
Iteration Count: 185 Error: 0.189806
Iteration Count: 186 Error: 0.182583
Iteration Count: 187 Error: 0.175634
Iteration Count: 188 Error: 0.16895
Iteration Count: 189 Error: 0.162521
Iteration Count: 190 Error: 0.156336
Iteration Count: 191 Error: 0.150386
Iteration Count: 192 Error: 0.144663
Iteration Count: 193 Error: 0.139157
Iteration Count: 194 Error: 0.133861
Iteration Count: 195 Error: 0.128767
Iteration Count: 196 Error: 0.123866
Iteration Count: 197 Error: 0.119152
Iteration Count: 198 Error: 0.114618
Iteration Count: 199 Error: 0.110256
Iteration Count: 200 Error: 0.106059
Iteration Count: 201 Error: 0.102023
Iteration Count: 202 Error: 0.0981402
Iteration Count: 203 Error: 0.0944052
Iteration Count: 204 Error: 0.0908123
Iteration Count: 205 Error: 0.0873561
Iteration Count: 206 Error: 0.0840315
Iteration Count: 207 Error: 0.0808333
Iteration Count: 208 Error: 0.0777569
Iteration Count: 209 Error: 0.0747976
Iteration Count: 210 Error: 0.0719509
Iteration Count: 211 Error: 0.0692125
Iteration Count: 212 Error: 0.0665784
Iteration Count: 213 Error: 0.0640445
Iteration Count: 214 Error: 0.061607
Iteration Count: 215 Error: 0.0592623
Iteration Count: 216 Error: 0.0570069
Iteration Count: 217 Error: 0.0548372
Iteration Count: 218 Error: 0.0527502
Iteration Count: 219 Error: 0.0507425
Iteration Count: 220 Error: 0.0488113
Iteration Count: 221 Error: 0.0469536
Iteration Count: 222 Error: 0.0451666
Iteration Count: 223 Error: 0.0434476
Iteration Count: 224 Error: 0.041794
Iteration Count: 225 Error: 0.0402033
Iteration Count: 226 Error: 0.0386732
Iteration Count: 227 Error: 0.0372013
Iteration Count: 228 Error: 0.0357854
Iteration Count: 229 Error: 0.0344235
Iteration Count: 230 Error: 0.0331133
Iteration Count: 231 Error: 0.031853
Iteration Count: 232 Error: 0.0306407
Iteration Count: 233 Error: 0.0294746
Iteration Count: 234 Error: 0.0283528
Iteration Count: 235 Error: 0.0272737
Iteration Count: 236 Error: 0.0262356
Iteration Count: 237 Error: 0.0252371
Iteration Count: 238 Error: 0.0242766
Iteration Count: 239 Error: 0.0233526
Iteration Count: 240 Error: 0.0224638
Iteration Count: 241 Error: 0.0216089
Iteration Count: 242 Error: 0.0207864
Iteration Count: 243 Error: 0.0199953
Iteration Count: 244 Error: 0.0192343
Iteration Count: 245 Error: 0.0185022
Iteration Count: 246 Error: 0.017798
Iteration Count: 247 Error: 0.0171206
Iteration Count: 248 Error: 0.016469
Iteration Count: 249 Error: 0.0158422
Iteration Count: 250 Error: 0.0152393
Iteration Count: 251 Error: 0.0146593
Iteration Count: 252 Error: 0.0141013
Iteration Count: 253 Error: 0.0135646
Iteration Count: 254 Error: 0.0130484
Iteration Count: 255 Error: 0.0125517
Iteration Count: 256 Error: 0.012074
Iteration Count: 257 Error: 0.0116145
Iteration Count: 258 Error: 0.0111724
Iteration Count: 259 Error: 0.0107472
Iteration Count: 260 Error: 0.0103382
Iteration Count: 261 Error: 0.00994471
Iteration Count: 262 Error: 0.00956621
Iteration Count: 263 Error: 0.00920212
Iteration Count: 264 Error: 0.00885189
Iteration Count: 265 Error: 0.00851498
Iteration Count: 266 Error: 0.0081909
Iteration Count: 267 Error: 0.00787915
Iteration Count: 268 Error: 0.00757927
Iteration Count: 269 Error: 0.00729081
Iteration Count: 270 Error: 0.00701332
Iteration Count: 271 Error: 0.00674639
Iteration Count: 272 Error: 0.00648962
Iteration Count: 273 Error: 0.00624262
Iteration Count: 274 Error: 0.00600503
Iteration Count: 275 Error: 0.00577648
Iteration Count: 276 Error: 0.00555662
Iteration Count: 277 Error: 0.00534514
Iteration Count: 278 Error: 0.0051417
Iteration Count: 279 Error: 0.00494601
Iteration Count: 280 Error: 0.00475776
Iteration Count: 281 Error: 0.00457668
Iteration Count: 282 Error: 0.00440249
Iteration Count: 283 Error: 0.00423493
Iteration Count: 284 Error: 0.00407375
Iteration Count: 285 Error: 0.0039187
Iteration Count: 286 Error: 0.00376956
Iteration Count: 287 Error: 0.00362609
Iteration Count: 288 Error: 0.00348808
Iteration Count: 289 Error: 0.00335532
Iteration Count: 290 Error: 0.00322762
Iteration Count: 291 Error: 0.00310477
Iteration Count: 292 Error: 0.0029866
Iteration Count: 293 Error: 0.00287293
Iteration Count: 294 Error: 0.00276359
Iteration Count: 295 Error: 0.00265841
Iteration Count: 296 Error: 0.00255723
Iteration Count: 297 Error: 0.0024599
Iteration Count: 298 Error: 0.00236627
Iteration Count: 299 Error: 0.00227621
Iteration Count: 300 Error: 0.00218958
Iteration Count: 301 Error: 0.00210624
Iteration Count: 302 Error: 0.00202608
Iteration Count: 303 Error: 0.00194897
Iteration Count: 304 Error: 0.00187479
Iteration Count: 305 Error: 0.00180343
Iteration Count: 306 Error: 0.00173479
Iteration Count: 307 Error: 0.00166877
Iteration Count: 308 Error: 0.00160525
Iteration Count: 309 Error: 0.00154416
Iteration Count: 310 Error: 0.00148539
Iteration Count: 311 Error: 0.00142885
Iteration Count: 312 Error: 0.00137447
Iteration Count: 313 Error: 0.00132216
Iteration Count: 314 Error: 0.00127184
Iteration Count: 315 Error: 0.00122343
Iteration Count: 316 Error: 0.00117687
Iteration Count: 317 Error: 0.00113207
Iteration Count: 318 Error: 0.00108899
Iteration Count: 319 Error: 0.00104754
Iteration Count: 320 Error: 0.00100767
-------- DEBUG INFO --------

Number of Tasks: 8
Subcube Per Edge: 2
n: 15
Points per Edge: 16
Points per Sub Edge: 8
Points per Ghost Edge: 10

My Rank: 0
My Offset: 0 0 0
My Flat Offset : 0
My Normalized Offset: 0 0 0
Neighbours: U -1 D 4 L -1 R 2 F 1 B -1
Error:0.000969318
Up Buffer: 
0 0 0 0 0 0 0 0 0 0 0 0 0 0 0 0 0 0 0 0 0 0 0 0 0 0 0 0 0 0 0 0 0 0 0 0 0 0 0 0 0 0 0 0 0 0 0 0 0 0 0 0 0 0 0 0 0 0 0 0 0 0 0 0 
Down Buffer: 
0 0 0 0 0 0 0 0 0 0.00237031 0.00474062 0.00711094 0.00948127 0.0118516 0.014222 0.0165923 0 0.00474062 0.00948125 0.0142219 0.0189626 0.0237032 0.0284439 0.0331847 0 0.00711094 0.0142219 0.0213329 0.0284439 0.0355549 0.0426659 0.049777 0 0.00948127 0.0189626 0.0284439 0.0379252 0.0474066 0.056888 0.0663694 0 0.0118516 0.0237032 0.0355549 0.0474066 0.0592583 0.0711101 0.0829619 0 0.014222 0.0284439 0.0426659 0.056888 0.0711101 0.0853322 0.0995544 0 0.0165923 0.0331847 0.049777 0.0663694 0.0829619 0.0995544 0.116147 
Front Buffer: 
0 0 0 0 0 0 0 0 0 0.00237031 0.00474062 0.00711094 0.00948127 0.0118516 0.014222 0.0165923 0 0.00474062 0.00948125 0.0142219 0.0189626 0.0237032 0.0284439 0.0331847 0 0.00711094 0.0142219 0.0213329 0.0284439 0.0355549 0.0426659 0.049777 0 0.00948127 0.0189626 0.0284439 0.0379252 0.0474066 0.056888 0.0663694 0 0.0118516 0.0237032 0.0355549 0.0474066 0.0592583 0.0711101 0.0829619 0 0.014222 0.0284439 0.0426659 0.056888 0.0711101 0.0853322 0.0995544 0 0.0165923 0.0331847 0.049777 0.0663694 0.0829619 0.0995544 0.116147 
Back Buffer: 
0 0 0 0 0 0 0 0 0 0 0 0 0 0 0 0 0 0 0 0 0 0 0 0 0 0 0 0 0 0 0 0 0 0 0 0 0 0 0 0 0 0 0 0 0 0 0 0 0 0 0 0 0 0 0 0 0 0 0 0 0 0 0 0 
Left Buffer: 
0 0 0 0 0 0 0 0 0 0 0 0 0 0 0 0 0 0 0 0 0 0 0 0 0 0 0 0 0 0 0 0 0 0 0 0 0 0 0 0 0 0 0 0 0 0 0 0 0 0 0 0 0 0 0 0 0 0 0 0 0 0 0 0 
Right Buffer: 
0 0 0 0 0 0 0 0 0 0.00237031 0.00474062 0.00711094 0.00948127 0.0118516 0.014222 0.0165923 0 0.00474062 0.00948125 0.0142219 0.0189626 0.0237032 0.0284439 0.0331847 0 0.00711094 0.0142219 0.0213329 0.0284439 0.0355549 0.0426659 0.049777 0 0.00948127 0.0189626 0.0284439 0.0379252 0.0474066 0.056888 0.0663694 0 0.0118516 0.0237032 0.0355549 0.0474066 0.0592583 0.0711101 0.0829619 0 0.014222 0.0284439 0.0426659 0.056888 0.0711101 0.0853322 0.0995544 0 0.0165923 0.0331847 0.049777 0.0663694 0.0829619 0.0995544 0.116147 

Subcube:
0 0 0 0 0 0 0 0 
0 0 0 0 0 0 0 0 
0 0 0 0 0 0 0 0 
0 0 0 0 0 0 0 0 
0 0 0 0 0 0 0 0 
0 0 0 0 0 0 0 0 
0 0 0 0 0 0 0 0 
0 0 0 0 0 0 0 0 

0 0 0 0 0 0 0 0 
0 0.000296283 0.000592567 0.000888853 0.00118514 0.00148143 0.00177772 0.00207401 
0 0.000592567 0.00118514 0.00177771 0.00237028 0.00296286 0.00355545 0.00414803 
0 0.000888853 0.00177771 0.00266657 0.00355543 0.0044443 0.00533318 0.00622206 
0 0.00118514 0.00237028 0.00355543 0.00474059 0.00592575 0.00711092 0.00829609 
0 0.00148143 0.00296286 0.0044443 0.00592575 0.0074072 0.00888866 0.0103701 
0 0.00177772 0.00355545 0.00533318 0.00711092 0.00888866 0.0106664 0.0124442 
0 0.00207401 0.00414803 0.00622206 0.00829609 0.0103701 0.0124442 0.0145183 

0 0 0 0 0 0 0 0 
0 0.000592567 0.00118514 0.00177771 0.00237028 0.00296286 0.00355545 0.00414803 
0 0.00118514 0.00237028 0.00355542 0.00474057 0.00592573 0.0071109 0.00829608 
0 0.00177771 0.00355542 0.00533314 0.00711087 0.00888861 0.0106664 0.0124441 
0 0.00237028 0.00474057 0.00711087 0.00948118 0.0118515 0.0142218 0.0165922 
0 0.00296286 0.00592573 0.00888861 0.0118515 0.0148144 0.0177773 0.0207403 
0 0.00355545 0.0071109 0.0106664 0.0142218 0.0177773 0.0213329 0.0248884 
0 0.00414803 0.00829608 0.0124441 0.0165922 0.0207403 0.0248884 0.0290365 

0 0 0 0 0 0 0 0 
0 0.000888853 0.00177771 0.00266657 0.00355543 0.0044443 0.00533318 0.00622206 
0 0.00177771 0.00355542 0.00533314 0.00711087 0.00888861 0.0106664 0.0124441 
0 0.00266657 0.00533314 0.00799973 0.0106663 0.0133329 0.0159996 0.0186662 
0 0.00355543 0.00711087 0.0106663 0.0142218 0.0177773 0.0213328 0.0248883 
0 0.0044443 0.00888861 0.0133329 0.0177773 0.0222217 0.0266661 0.0311105 
0 0.00533318 0.0106664 0.0159996 0.0213328 0.0266661 0.0319993 0.0373326 
0 0.00622206 0.0124441 0.0186662 0.0248883 0.0311105 0.0373326 0.0435548 

0 0 0 0 0 0 0 0 
0 0.00118514 0.00237028 0.00355543 0.00474059 0.00592575 0.00711092 0.00829609 
0 0.00237028 0.00474057 0.00711087 0.00948118 0.0118515 0.0142218 0.0165922 
0 0.00355543 0.00711087 0.0106663 0.0142218 0.0177773 0.0213328 0.0248883 
0 0.00474059 0.00948118 0.0142218 0.0189624 0.0237031 0.0284438 0.0331845 
0 0.00592575 0.0118515 0.0177773 0.0237031 0.0296289 0.0355548 0.0414807 
0 0.00711092 0.0142218 0.0213328 0.0284438 0.0355548 0.0426658 0.0497769 
0 0.00829609 0.0165922 0.0248883 0.0331845 0.0414807 0.0497769 0.0580732 

0 0 0 0 0 0 0 0 
0 0.00148143 0.00296286 0.0044443 0.00592575 0.0074072 0.00888866 0.0103701 
0 0.00296286 0.00592573 0.00888861 0.0118515 0.0148144 0.0177773 0.0207403 
0 0.0044443 0.00888861 0.0133329 0.0177773 0.0222217 0.0266661 0.0311105 
0 0.00592575 0.0118515 0.0177773 0.0237031 0.0296289 0.0355548 0.0414807 
0 0.0074072 0.0148144 0.0222217 0.0296289 0.0370362 0.0444436 0.0518509 
0 0.00888866 0.0177773 0.0266661 0.0355548 0.0444436 0.0533324 0.0622212 
0 0.0103701 0.0207403 0.0311105 0.0414807 0.0518509 0.0622212 0.0725915 

0 0 0 0 0 0 0 0 
0 0.00177772 0.00355545 0.00533318 0.00711092 0.00888866 0.0106664 0.0124442 
0 0.00355545 0.0071109 0.0106664 0.0142218 0.0177773 0.0213329 0.0248884 
0 0.00533318 0.0106664 0.0159996 0.0213328 0.0266661 0.0319993 0.0373326 
0 0.00711092 0.0142218 0.0213328 0.0284438 0.0355548 0.0426658 0.0497769 
0 0.00888866 0.0177773 0.0266661 0.0355548 0.0444436 0.0533324 0.0622212 
0 0.0106664 0.0213329 0.0319993 0.0426658 0.0533324 0.0639989 0.0746656 
0 0.0124442 0.0248884 0.0373326 0.0497769 0.0622212 0.0746656 0.08711 

0 0 0 0 0 0 0 0 
0 0.00207401 0.00414803 0.00622206 0.00829609 0.0103701 0.0124442 0.0145183 
0 0.00414803 0.00829608 0.0124441 0.0165922 0.0207403 0.0248884 0.0290365 
0 0.00622206 0.0124441 0.0186662 0.0248883 0.0311105 0.0373326 0.0435548 
0 0.00829609 0.0165922 0.0248883 0.0331845 0.0414807 0.0497769 0.0580732 
0 0.0103701 0.0207403 0.0311105 0.0414807 0.0518509 0.0622212 0.0725915 
0 0.0124442 0.0248884 0.0373326 0.0497769 0.0622212 0.0746656 0.08711 
0 0.0145183 0.0290365 0.0435548 0.0580732 0.0725915 0.08711 0.101628 

Real Subcube:
0 0 0 0 0 0 0 0 
0 0 0 0 0 0 0 0 
0 0 0 0 0 0 0 0 
0 0 0 0 0 0 0 0 
0 0 0 0 0 0 0 0 
0 0 0 0 0 0 0 0 
0 0 0 0 0 0 0 0 
0 0 0 0 0 0 0 0 

0 0 0 0 0 0 0 0 
0 0.000296296 0.000592593 0.000888889 0.00118519 0.00148148 0.00177778 0.00207407 
0 0.000592593 0.00118519 0.00177778 0.00237037 0.00296296 0.00355556 0.00414815 
0 0.000888889 0.00177778 0.00266667 0.00355556 0.00444444 0.00533333 0.00622222 
0 0.00118519 0.00237037 0.00355556 0.00474074 0.00592593 0.00711111 0.0082963 
0 0.00148148 0.00296296 0.00444444 0.00592593 0.00740741 0.00888889 0.0103704 
0 0.00177778 0.00355556 0.00533333 0.00711111 0.00888889 0.0106667 0.0124444 
0 0.00207407 0.00414815 0.00622222 0.0082963 0.0103704 0.0124444 0.0145185 

0 0 0 0 0 0 0 0 
0 0.000592593 0.00118519 0.00177778 0.00237037 0.00296296 0.00355556 0.00414815 
0 0.00118519 0.00237037 0.00355556 0.00474074 0.00592593 0.00711111 0.0082963 
0 0.00177778 0.00355556 0.00533333 0.00711111 0.00888889 0.0106667 0.0124444 
0 0.00237037 0.00474074 0.00711111 0.00948148 0.0118519 0.0142222 0.0165926 
0 0.00296296 0.00592593 0.00888889 0.0118519 0.0148148 0.0177778 0.0207407 
0 0.00355556 0.00711111 0.0106667 0.0142222 0.0177778 0.0213333 0.0248889 
0 0.00414815 0.0082963 0.0124444 0.0165926 0.0207407 0.0248889 0.029037 

0 0 0 0 0 0 0 0 
0 0.000888889 0.00177778 0.00266667 0.00355556 0.00444444 0.00533333 0.00622222 
0 0.00177778 0.00355556 0.00533333 0.00711111 0.00888889 0.0106667 0.0124444 
0 0.00266667 0.00533333 0.008 0.0106667 0.0133333 0.016 0.0186667 
0 0.00355556 0.00711111 0.0106667 0.0142222 0.0177778 0.0213333 0.0248889 
0 0.00444444 0.00888889 0.0133333 0.0177778 0.0222222 0.0266667 0.0311111 
0 0.00533333 0.0106667 0.016 0.0213333 0.0266667 0.032 0.0373333 
0 0.00622222 0.0124444 0.0186667 0.0248889 0.0311111 0.0373333 0.0435556 

0 0 0 0 0 0 0 0 
0 0.00118519 0.00237037 0.00355556 0.00474074 0.00592593 0.00711111 0.0082963 
0 0.00237037 0.00474074 0.00711111 0.00948148 0.0118519 0.0142222 0.0165926 
0 0.00355556 0.00711111 0.0106667 0.0142222 0.0177778 0.0213333 0.0248889 
0 0.00474074 0.00948148 0.0142222 0.018963 0.0237037 0.0284444 0.0331852 
0 0.00592593 0.0118519 0.0177778 0.0237037 0.0296296 0.0355556 0.0414815 
0 0.00711111 0.0142222 0.0213333 0.0284444 0.0355556 0.0426667 0.0497778 
0 0.0082963 0.0165926 0.0248889 0.0331852 0.0414815 0.0497778 0.0580741 

0 0 0 0 0 0 0 0 
0 0.00148148 0.00296296 0.00444444 0.00592593 0.00740741 0.00888889 0.0103704 
0 0.00296296 0.00592593 0.00888889 0.0118519 0.0148148 0.0177778 0.0207407 
0 0.00444444 0.00888889 0.0133333 0.0177778 0.0222222 0.0266667 0.0311111 
0 0.00592593 0.0118519 0.0177778 0.0237037 0.0296296 0.0355556 0.0414815 
0 0.00740741 0.0148148 0.0222222 0.0296296 0.037037 0.0444444 0.0518519 
0 0.00888889 0.0177778 0.0266667 0.0355556 0.0444444 0.0533333 0.0622222 
0 0.0103704 0.0207407 0.0311111 0.0414815 0.0518519 0.0622222 0.0725926 

0 0 0 0 0 0 0 0 
0 0.00177778 0.00355556 0.00533333 0.00711111 0.00888889 0.0106667 0.0124444 
0 0.00355556 0.00711111 0.0106667 0.0142222 0.0177778 0.0213333 0.0248889 
0 0.00533333 0.0106667 0.016 0.0213333 0.0266667 0.032 0.0373333 
0 0.00711111 0.0142222 0.0213333 0.0284444 0.0355556 0.0426667 0.0497778 
0 0.00888889 0.0177778 0.0266667 0.0355556 0.0444444 0.0533333 0.0622222 
0 0.0106667 0.0213333 0.032 0.0426667 0.0533333 0.064 0.0746667 
0 0.0124444 0.0248889 0.0373333 0.0497778 0.0622222 0.0746667 0.0871111 

0 0 0 0 0 0 0 0 
0 0.00207407 0.00414815 0.00622222 0.0082963 0.0103704 0.0124444 0.0145185 
0 0.00414815 0.0082963 0.0124444 0.0165926 0.0207407 0.0248889 0.029037 
0 0.00622222 0.0124444 0.0186667 0.0248889 0.0311111 0.0373333 0.0435556 
0 0.0082963 0.0165926 0.0248889 0.0331852 0.0414815 0.0497778 0.0580741 
0 0.0103704 0.0207407 0.0311111 0.0414815 0.0518519 0.0622222 0.0725926 
0 0.0124444 0.0248889 0.0373333 0.0497778 0.0622222 0.0746667 0.0871111 
0 0.0145185 0.029037 0.0435556 0.0580741 0.0725926 0.0871111 0.10163 

My Rank: 1
My Offset: 0 0 8
My Flat Offset : 8
My Normalized Offset: 0 0 1
Neighbours: U -1 D 5 L -1 R 3 F -1 B 0
Error:0.000969318
Up Buffer: 
0 0 0 0 0 0 0 0 0 0 0 0 0 0 0 0 0 0 0 0 0 0 0 0 0 0 0 0 0 0 0 0 0 0 0 0 0 0 0 0 0 0 0 0 0 0 0 0 0 0 0 0 0 0 0 0 0 0 0 0 0 0 0 0 
Down Buffer: 
0 0 0 0 0 0 0 0 0.0189627 0.0213331 0.0237035 0.0260739 0.0284443 0.0308147 0.0331851 0.0355556 0.0379254 0.0426662 0.047407 0.0521478 0.0568886 0.0616294 0.0663703 0.0711111 0.0568881 0.0639993 0.0711105 0.0782217 0.0853329 0.0924442 0.0995554 0.106667 0.0758509 0.0853325 0.094814 0.104296 0.113777 0.123259 0.132741 0.142222 0.0948137 0.106666 0.118518 0.13037 0.142222 0.154074 0.165926 0.177778 0.113777 0.127999 0.142221 0.156444 0.170666 0.184888 0.199111 0.213333 0.13274 0.149332 0.165925 0.182518 0.19911 0.215703 0.232296 0.248889 
Front Buffer: 
0 0 0 0 0 0 0 0 0 0 0 0 0 0 0 0 0 0 0 0 0 0 0 0 0 0 0 0 0 0 0 0 0 0 0 0 0 0 0 0 0 0 0 0 0 0 0 0 0 0 0 0 0 0 0 0 0 0 0 0 0 0 0 0 
Back Buffer: 
0 0 0 0 0 0 0 0 0 0.00207401 0.00414803 0.00622205 0.00829609 0.0103701 0.0124442 0.0145182 0 0.00414803 0.00829607 0.0124441 0.0165922 0.0207403 0.0248884 0.0290365 0 0.00622205 0.0124441 0.0186662 0.0248883 0.0311104 0.0373326 0.0435548 0 0.00829609 0.0165922 0.0248883 0.0331845 0.0414807 0.0497769 0.0580731 0 0.0103701 0.0207403 0.0311104 0.0414807 0.0518509 0.0622212 0.0725915 0 0.0124442 0.0248884 0.0373326 0.0497769 0.0622212 0.0746655 0.0871099 0 0.0145182 0.0290365 0.0435548 0.0580731 0.0725915 0.0871099 0.101628 
Left Buffer: 
0 0 0 0 0 0 0 0 0 0 0 0 0 0 0 0 0 0 0 0 0 0 0 0 0 0 0 0 0 0 0 0 0 0 0 0 0 0 0 0 0 0 0 0 0 0 0 0 0 0 0 0 0 0 0 0 0 0 0 0 0 0 0 0 
Right Buffer: 
0 0 0 0 0 0 0 0 0.0189627 0.0213331 0.0237035 0.0260739 0.0284443 0.0308147 0.0331851 0.0355556 0.0379254 0.0426662 0.047407 0.0521478 0.0568886 0.0616294 0.0663703 0.0711111 0.0568881 0.0639993 0.0711105 0.0782217 0.0853329 0.0924442 0.0995554 0.106667 0.0758509 0.0853325 0.094814 0.104296 0.113777 0.123259 0.132741 0.142222 0.0948137 0.106666 0.118518 0.13037 0.142222 0.154074 0.165926 0.177778 0.113777 0.127999 0.142221 0.156444 0.170666 0.184888 0.199111 0.213333 0.13274 0.149332 0.165925 0.182518 0.19911 0.215703 0.232296 0.248889 

Subcube:
0 0 0 0 0 0 0 0 
0 0 0 0 0 0 0 0 
0 0 0 0 0 0 0 0 
0 0 0 0 0 0 0 0 
0 0 0 0 0 0 0 0 
0 0 0 0 0 0 0 0 
0 0 0 0 0 0 0 0 
0 0 0 0 0 0 0 0 

0 0 0 0 0 0 0 0 
0.00237031 0.00266661 0.00296291 0.00325922 0.00355552 0.00385183 0.00414814 0.00444444 
0.00474063 0.00533323 0.00592583 0.00651844 0.00711105 0.00770366 0.00829628 0.00888889 
0.00711095 0.00799985 0.00888876 0.00977767 0.0106666 0.0115555 0.0124444 0.0133333 
0.00948128 0.0106665 0.0118517 0.0130369 0.0142221 0.0154073 0.0165926 0.0177778 
0.0118516 0.0133331 0.0148146 0.0162961 0.0177777 0.0192592 0.0207407 0.0222222 
0.014222 0.0159998 0.0177776 0.0195554 0.0213332 0.023111 0.0248888 0.0266667 
0.0165923 0.0186664 0.0207405 0.0228146 0.0248887 0.0269629 0.029037 0.0311111 

0 0 0 0 0 0 0 0 
0.00474063 0.00533323 0.00592583 0.00651844 0.00711105 0.00770366 0.00829628 0.00888889 
0.00948126 0.0106665 0.0118517 0.0130369 0.0142221 0.0154073 0.0165926 0.0177778 
0.0142219 0.0159997 0.0177775 0.0195553 0.0213332 0.023111 0.0248888 0.0266667 
0.0189626 0.021333 0.0237034 0.0260738 0.0284442 0.0308147 0.0331851 0.0355556 
0.0237033 0.0266663 0.0296293 0.0325923 0.0355553 0.0385184 0.0414814 0.0444444 
0.028444 0.0319995 0.0355552 0.0391108 0.0426664 0.046222 0.0497777 0.0533333 
0.0331847 0.0373329 0.0414811 0.0456293 0.0497775 0.0539257 0.058074 0.0622222 

0 0 0 0 0 0 0 0 
0.00711095 0.00799985 0.00888876 0.00977767 0.0106666 0.0115555 0.0124444 0.0133333 
0.0142219 0.0159997 0.0177775 0.0195553 0.0213332 0.023111 0.0248888 0.0266667 
0.0213329 0.0239996 0.0266663 0.029333 0.0319998 0.0346665 0.0373333 0.04 
0.0284439 0.0319995 0.0355551 0.0391107 0.0426664 0.046222 0.0497777 0.0533333 
0.0355549 0.0399994 0.0444439 0.0488885 0.053333 0.0577776 0.0622221 0.0666667 
0.042666 0.0479994 0.0533328 0.0586662 0.0639996 0.0693331 0.0746665 0.08 
0.0497771 0.0559993 0.0622216 0.068444 0.0746663 0.0808886 0.087111 0.0933333 

0 0 0 0 0 0 0 0 
0.00948128 0.0106665 0.0118517 0.0130369 0.0142221 0.0154073 0.0165926 0.0177778 
0.0189626 0.021333 0.0237034 0.0260738 0.0284442 0.0308147 0.0331851 0.0355556 
0.0284439 0.0319995 0.0355551 0.0391107 0.0426664 0.046222 0.0497777 0.0533333 
0.0379252 0.042666 0.0474068 0.0521477 0.0568885 0.0616294 0.0663702 0.0711111 
0.0474066 0.0533326 0.0592586 0.0651846 0.0711107 0.0770368 0.0829628 0.0888889 
0.056888 0.0639992 0.0711104 0.0782216 0.0853329 0.0924441 0.0995554 0.106667 
0.0663695 0.0746658 0.0829622 0.0912586 0.0995551 0.107852 0.116148 0.124444 

0 0 0 0 0 0 0 0 
0.0118516 0.0133331 0.0148146 0.0162961 0.0177777 0.0192592 0.0207407 0.0222222 
0.0237033 0.0266663 0.0296293 0.0325923 0.0355553 0.0385184 0.0414814 0.0444444 
0.0355549 0.0399994 0.0444439 0.0488885 0.053333 0.0577776 0.0622221 0.0666667 
0.0474066 0.0533326 0.0592586 0.0651846 0.0711107 0.0770368 0.0829628 0.0888889 
0.0592583 0.0666658 0.0740733 0.0814809 0.0888884 0.096296 0.103704 0.111111 
0.0711101 0.0799991 0.0888881 0.0977771 0.106666 0.115555 0.124444 0.133333 
0.0829619 0.0933324 0.103703 0.114073 0.124444 0.134814 0.145185 0.155556 

0 0 0 0 0 0 0 0 
0.014222 0.0159998 0.0177776 0.0195554 0.0213332 0.023111 0.0248888 0.0266667 
0.028444 0.0319995 0.0355552 0.0391108 0.0426664 0.046222 0.0497777 0.0533333 
0.042666 0.0479994 0.0533328 0.0586662 0.0639996 0.0693331 0.0746665 0.08 
0.056888 0.0639992 0.0711104 0.0782216 0.0853329 0.0924441 0.0995554 0.106667 
0.0711101 0.0799991 0.0888881 0.0977771 0.106666 0.115555 0.124444 0.133333 
0.0853322 0.095999 0.106666 0.117333 0.127999 0.138666 0.149333 0.16 
0.0995544 0.111999 0.124444 0.136888 0.149333 0.161777 0.174222 0.186667 

0 0 0 0 0 0 0 0 
0.0165923 0.0186664 0.0207405 0.0228146 0.0248887 0.0269629 0.029037 0.0311111 
0.0331847 0.0373329 0.0414811 0.0456293 0.0497775 0.0539257 0.058074 0.0622222 
0.0497771 0.0559993 0.0622216 0.068444 0.0746663 0.0808886 0.087111 0.0933333 
0.0663695 0.0746658 0.0829622 0.0912586 0.0995551 0.107852 0.116148 0.124444 
0.0829619 0.0933324 0.103703 0.114073 0.124444 0.134814 0.145185 0.155556 
0.0995544 0.111999 0.124444 0.136888 0.149333 0.161777 0.174222 0.186667 
0.116147 0.130666 0.145184 0.159703 0.174222 0.18874 0.203259 0.217778 

Real Subcube:
0 0 0 0 0 0 0 0 
0 0 0 0 0 0 0 0 
0 0 0 0 0 0 0 0 
0 0 0 0 0 0 0 0 
0 0 0 0 0 0 0 0 
0 0 0 0 0 0 0 0 
0 0 0 0 0 0 0 0 
0 0 0 0 0 0 0 0 

0 0 0 0 0 0 0 0 
0.00237037 0.00266667 0.00296296 0.00325926 0.00355556 0.00385185 0.00414815 0.00444444 
0.00474074 0.00533333 0.00592593 0.00651852 0.00711111 0.0077037 0.0082963 0.00888889 
0.00711111 0.008 0.00888889 0.00977778 0.0106667 0.0115556 0.0124444 0.0133333 
0.00948148 0.0106667 0.0118519 0.013037 0.0142222 0.0154074 0.0165926 0.0177778 
0.0118519 0.0133333 0.0148148 0.0162963 0.0177778 0.0192593 0.0207407 0.0222222 
0.0142222 0.016 0.0177778 0.0195556 0.0213333 0.0231111 0.0248889 0.0266667 
0.0165926 0.0186667 0.0207407 0.0228148 0.0248889 0.026963 0.029037 0.0311111 

0 0 0 0 0 0 0 0 
0.00474074 0.00533333 0.00592593 0.00651852 0.00711111 0.0077037 0.0082963 0.00888889 
0.00948148 0.0106667 0.0118519 0.013037 0.0142222 0.0154074 0.0165926 0.0177778 
0.0142222 0.016 0.0177778 0.0195556 0.0213333 0.0231111 0.0248889 0.0266667 
0.018963 0.0213333 0.0237037 0.0260741 0.0284444 0.0308148 0.0331852 0.0355556 
0.0237037 0.0266667 0.0296296 0.0325926 0.0355556 0.0385185 0.0414815 0.0444444 
0.0284444 0.032 0.0355556 0.0391111 0.0426667 0.0462222 0.0497778 0.0533333 
0.0331852 0.0373333 0.0414815 0.0456296 0.0497778 0.0539259 0.0580741 0.0622222 

0 0 0 0 0 0 0 0 
0.00711111 0.008 0.00888889 0.00977778 0.0106667 0.0115556 0.0124444 0.0133333 
0.0142222 0.016 0.0177778 0.0195556 0.0213333 0.0231111 0.0248889 0.0266667 
0.0213333 0.024 0.0266667 0.0293333 0.032 0.0346667 0.0373333 0.04 
0.0284444 0.032 0.0355556 0.0391111 0.0426667 0.0462222 0.0497778 0.0533333 
0.0355556 0.04 0.0444444 0.0488889 0.0533333 0.0577778 0.0622222 0.0666667 
0.0426667 0.048 0.0533333 0.0586667 0.064 0.0693333 0.0746667 0.08 
0.0497778 0.056 0.0622222 0.0684444 0.0746667 0.0808889 0.0871111 0.0933333 

0 0 0 0 0 0 0 0 
0.00948148 0.0106667 0.0118519 0.013037 0.0142222 0.0154074 0.0165926 0.0177778 
0.018963 0.0213333 0.0237037 0.0260741 0.0284444 0.0308148 0.0331852 0.0355556 
0.0284444 0.032 0.0355556 0.0391111 0.0426667 0.0462222 0.0497778 0.0533333 
0.0379259 0.0426667 0.0474074 0.0521481 0.0568889 0.0616296 0.0663704 0.0711111 
0.0474074 0.0533333 0.0592593 0.0651852 0.0711111 0.077037 0.082963 0.0888889 
0.0568889 0.064 0.0711111 0.0782222 0.0853333 0.0924444 0.0995556 0.106667 
0.0663704 0.0746667 0.082963 0.0912593 0.0995556 0.107852 0.116148 0.124444 

0 0 0 0 0 0 0 0 
0.0118519 0.0133333 0.0148148 0.0162963 0.0177778 0.0192593 0.0207407 0.0222222 
0.0237037 0.0266667 0.0296296 0.0325926 0.0355556 0.0385185 0.0414815 0.0444444 
0.0355556 0.04 0.0444444 0.0488889 0.0533333 0.0577778 0.0622222 0.0666667 
0.0474074 0.0533333 0.0592593 0.0651852 0.0711111 0.077037 0.082963 0.0888889 
0.0592593 0.0666667 0.0740741 0.0814815 0.0888889 0.0962963 0.103704 0.111111 
0.0711111 0.08 0.0888889 0.0977778 0.106667 0.115556 0.124444 0.133333 
0.082963 0.0933333 0.103704 0.114074 0.124444 0.134815 0.145185 0.155556 

0 0 0 0 0 0 0 0 
0.0142222 0.016 0.0177778 0.0195556 0.0213333 0.0231111 0.0248889 0.0266667 
0.0284444 0.032 0.0355556 0.0391111 0.0426667 0.0462222 0.0497778 0.0533333 
0.0426667 0.048 0.0533333 0.0586667 0.064 0.0693333 0.0746667 0.08 
0.0568889 0.064 0.0711111 0.0782222 0.0853333 0.0924444 0.0995556 0.106667 
0.0711111 0.08 0.0888889 0.0977778 0.106667 0.115556 0.124444 0.133333 
0.0853333 0.096 0.106667 0.117333 0.128 0.138667 0.149333 0.16 
0.0995556 0.112 0.124444 0.136889 0.149333 0.161778 0.174222 0.186667 

0 0 0 0 0 0 0 0 
0.0165926 0.0186667 0.0207407 0.0228148 0.0248889 0.026963 0.029037 0.0311111 
0.0331852 0.0373333 0.0414815 0.0456296 0.0497778 0.0539259 0.0580741 0.0622222 
0.0497778 0.056 0.0622222 0.0684444 0.0746667 0.0808889 0.0871111 0.0933333 
0.0663704 0.0746667 0.082963 0.0912593 0.0995556 0.107852 0.116148 0.124444 
0.082963 0.0933333 0.103704 0.114074 0.124444 0.134815 0.145185 0.155556 
0.0995556 0.112 0.124444 0.136889 0.149333 0.161778 0.174222 0.186667 
0.116148 0.130667 0.145185 0.159704 0.174222 0.188741 0.203259 0.217778 

My Rank: 2
My Offset: 0 8 0
My Flat Offset : 128
My Normalized Offset: 0 1 0
Neighbours: U -1 D 6 L 0 R -1 F 3 B -1
Error:0.000969318
Up Buffer: 
0 0 0 0 0 0 0 0 0 0 0 0 0 0 0 0 0 0 0 0 0 0 0 0 0 0 0 0 0 0 0 0 0 0 0 0 0 0 0 0 0 0 0 0 0 0 0 0 0 0 0 0 0 0 0 0 0 0 0 0 0 0 0 0 
Down Buffer: 
0 0.0189627 0.0379254 0.0568881 0.0758509 0.0948137 0.113777 0.13274 0 0.0213331 0.0426662 0.0639993 0.0853325 0.106666 0.127999 0.149332 0 0.0237035 0.047407 0.0711105 0.094814 0.118518 0.142221 0.165925 0 0.0260739 0.0521478 0.0782217 0.104296 0.13037 0.156444 0.182518 0 0.0284443 0.0568886 0.0853329 0.113777 0.142222 0.170666 0.19911 0 0.0308147 0.0616294 0.0924442 0.123259 0.154074 0.184888 0.215703 0 0.0331851 0.0663703 0.0995554 0.132741 0.165926 0.199111 0.232296 0 0.0355556 0.0711111 0.106667 0.142222 0.177778 0.213333 0.248889 
Front Buffer: 
0 0 0 0 0 0 0 0 0.0189627 0.0213331 0.0237035 0.0260739 0.0284443 0.0308147 0.0331851 0.0355556 0.0379254 0.0426662 0.047407 0.0521478 0.0568886 0.0616294 0.0663703 0.0711111 0.0568881 0.0639993 0.0711105 0.0782217 0.0853329 0.0924442 0.0995554 0.106667 0.0758509 0.0853325 0.094814 0.104296 0.113777 0.123259 0.132741 0.142222 0.0948137 0.106666 0.118518 0.13037 0.142222 0.154074 0.165926 0.177778 0.113777 0.127999 0.142221 0.156444 0.170666 0.184888 0.199111 0.213333 0.13274 0.149332 0.165925 0.182518 0.19911 0.215703 0.232296 0.248889 
Back Buffer: 
0 0 0 0 0 0 0 0 0 0 0 0 0 0 0 0 0 0 0 0 0 0 0 0 0 0 0 0 0 0 0 0 0 0 0 0 0 0 0 0 0 0 0 0 0 0 0 0 0 0 0 0 0 0 0 0 0 0 0 0 0 0 0 0 
Left Buffer: 
0 0 0 0 0 0 0 0 0 0.00207401 0.00414803 0.00622205 0.00829609 0.0103701 0.0124442 0.0145182 0 0.00414803 0.00829607 0.0124441 0.0165922 0.0207403 0.0248884 0.0290365 0 0.00622205 0.0124441 0.0186662 0.0248883 0.0311104 0.0373326 0.0435548 0 0.00829609 0.0165922 0.0248883 0.0331845 0.0414807 0.0497769 0.0580731 0 0.0103701 0.0207403 0.0311104 0.0414807 0.0518509 0.0622212 0.0725915 0 0.0124442 0.0248884 0.0373326 0.0497769 0.0622212 0.0746655 0.0871099 0 0.0145182 0.0290365 0.0435548 0.0580731 0.0725915 0.0871099 0.101628 
Right Buffer: 
0 0 0 0 0 0 0 0 0 0 0 0 0 0 0 0 0 0 0 0 0 0 0 0 0 0 0 0 0 0 0 0 0 0 0 0 0 0 0 0 0 0 0 0 0 0 0 0 0 0 0 0 0 0 0 0 0 0 0 0 0 0 0 0 

Subcube:
0 0 0 0 0 0 0 0 
0 0 0 0 0 0 0 0 
0 0 0 0 0 0 0 0 
0 0 0 0 0 0 0 0 
0 0 0 0 0 0 0 0 
0 0 0 0 0 0 0 0 
0 0 0 0 0 0 0 0 
0 0 0 0 0 0 0 0 

0 0.00237031 0.00474063 0.00711095 0.00948128 0.0118516 0.014222 0.0165923 
0 0.00266661 0.00533323 0.00799985 0.0106665 0.0133331 0.0159998 0.0186664 
0 0.00296291 0.00592583 0.00888876 0.0118517 0.0148146 0.0177776 0.0207405 
0 0.00325922 0.00651844 0.00977767 0.0130369 0.0162961 0.0195554 0.0228146 
0 0.00355552 0.00711105 0.0106666 0.0142221 0.0177777 0.0213332 0.0248887 
0 0.00385183 0.00770366 0.0115555 0.0154073 0.0192592 0.023111 0.0269629 
0 0.00414814 0.00829628 0.0124444 0.0165926 0.0207407 0.0248888 0.029037 
0 0.00444444 0.00888889 0.0133333 0.0177778 0.0222222 0.0266667 0.0311111 

0 0.00474063 0.00948126 0.0142219 0.0189626 0.0237033 0.028444 0.0331847 
0 0.00533323 0.0106665 0.0159997 0.021333 0.0266663 0.0319995 0.0373329 
0 0.00592583 0.0118517 0.0177775 0.0237034 0.0296293 0.0355552 0.0414811 
0 0.00651844 0.0130369 0.0195553 0.0260738 0.0325923 0.0391108 0.0456293 
0 0.00711105 0.0142221 0.0213332 0.0284442 0.0355553 0.0426664 0.0497775 
0 0.00770366 0.0154073 0.023111 0.0308147 0.0385184 0.046222 0.0539257 
0 0.00829628 0.0165926 0.0248888 0.0331851 0.0414814 0.0497777 0.058074 
0 0.00888889 0.0177778 0.0266667 0.0355556 0.0444444 0.0533333 0.0622222 

0 0.00711095 0.0142219 0.0213329 0.0284439 0.0355549 0.042666 0.0497771 
0 0.00799985 0.0159997 0.0239996 0.0319995 0.0399994 0.0479994 0.0559993 
0 0.00888876 0.0177775 0.0266663 0.0355551 0.0444439 0.0533328 0.0622216 
0 0.00977767 0.0195553 0.029333 0.0391107 0.0488885 0.0586662 0.068444 
0 0.0106666 0.0213332 0.0319998 0.0426664 0.053333 0.0639996 0.0746663 
0 0.0115555 0.023111 0.0346665 0.046222 0.0577776 0.0693331 0.0808886 
0 0.0124444 0.0248888 0.0373333 0.0497777 0.0622221 0.0746665 0.087111 
0 0.0133333 0.0266667 0.04 0.0533333 0.0666667 0.08 0.0933333 

0 0.00948128 0.0189626 0.0284439 0.0379252 0.0474066 0.056888 0.0663695 
0 0.0106665 0.021333 0.0319995 0.042666 0.0533326 0.0639992 0.0746658 
0 0.0118517 0.0237034 0.0355551 0.0474068 0.0592586 0.0711104 0.0829622 
0 0.0130369 0.0260738 0.0391107 0.0521477 0.0651846 0.0782216 0.0912586 
0 0.0142221 0.0284442 0.0426664 0.0568885 0.0711107 0.0853329 0.0995551 
0 0.0154073 0.0308147 0.046222 0.0616294 0.0770368 0.0924441 0.107852 
0 0.0165926 0.0331851 0.0497777 0.0663702 0.0829628 0.0995554 0.116148 
0 0.0177778 0.0355556 0.0533333 0.0711111 0.0888889 0.106667 0.124444 

0 0.0118516 0.0237033 0.0355549 0.0474066 0.0592583 0.0711101 0.0829619 
0 0.0133331 0.0266663 0.0399994 0.0533326 0.0666658 0.0799991 0.0933324 
0 0.0148146 0.0296293 0.0444439 0.0592586 0.0740733 0.0888881 0.103703 
0 0.0162961 0.0325923 0.0488885 0.0651846 0.0814809 0.0977771 0.114073 
0 0.0177777 0.0355553 0.053333 0.0711107 0.0888884 0.106666 0.124444 
0 0.0192592 0.0385184 0.0577776 0.0770368 0.096296 0.115555 0.134814 
0 0.0207407 0.0414814 0.0622221 0.0829628 0.103704 0.124444 0.145185 
0 0.0222222 0.0444444 0.0666667 0.0888889 0.111111 0.133333 0.155556 

0 0.014222 0.028444 0.042666 0.056888 0.0711101 0.0853322 0.0995544 
0 0.0159998 0.0319995 0.0479994 0.0639992 0.0799991 0.095999 0.111999 
0 0.0177776 0.0355552 0.0533328 0.0711104 0.0888881 0.106666 0.124444 
0 0.0195554 0.0391108 0.0586662 0.0782216 0.0977771 0.117333 0.136888 
0 0.0213332 0.0426664 0.0639996 0.0853329 0.106666 0.127999 0.149333 
0 0.023111 0.046222 0.0693331 0.0924441 0.115555 0.138666 0.161777 
0 0.0248888 0.0497777 0.0746665 0.0995554 0.124444 0.149333 0.174222 
0 0.0266667 0.0533333 0.08 0.106667 0.133333 0.16 0.186667 

0 0.0165923 0.0331847 0.0497771 0.0663695 0.0829619 0.0995544 0.116147 
0 0.0186664 0.0373329 0.0559993 0.0746658 0.0933324 0.111999 0.130666 
0 0.0207405 0.0414811 0.0622216 0.0829622 0.103703 0.124444 0.145184 
0 0.0228146 0.0456293 0.068444 0.0912586 0.114073 0.136888 0.159703 
0 0.0248887 0.0497775 0.0746663 0.0995551 0.124444 0.149333 0.174222 
0 0.0269629 0.0539257 0.0808886 0.107852 0.134814 0.161777 0.18874 
0 0.029037 0.058074 0.087111 0.116148 0.145185 0.174222 0.203259 
0 0.0311111 0.0622222 0.0933333 0.124444 0.155556 0.186667 0.217778 

Real Subcube:
0 0 0 0 0 0 0 0 
0 0 0 0 0 0 0 0 
0 0 0 0 0 0 0 0 
0 0 0 0 0 0 0 0 
0 0 0 0 0 0 0 0 
0 0 0 0 0 0 0 0 
0 0 0 0 0 0 0 0 
0 0 0 0 0 0 0 0 

0 0.00237037 0.00474074 0.00711111 0.00948148 0.0118519 0.0142222 0.0165926 
0 0.00266667 0.00533333 0.008 0.0106667 0.0133333 0.016 0.0186667 
0 0.00296296 0.00592593 0.00888889 0.0118519 0.0148148 0.0177778 0.0207407 
0 0.00325926 0.00651852 0.00977778 0.013037 0.0162963 0.0195556 0.0228148 
0 0.00355556 0.00711111 0.0106667 0.0142222 0.0177778 0.0213333 0.0248889 
0 0.00385185 0.0077037 0.0115556 0.0154074 0.0192593 0.0231111 0.026963 
0 0.00414815 0.0082963 0.0124444 0.0165926 0.0207407 0.0248889 0.029037 
0 0.00444444 0.00888889 0.0133333 0.0177778 0.0222222 0.0266667 0.0311111 

0 0.00474074 0.00948148 0.0142222 0.018963 0.0237037 0.0284444 0.0331852 
0 0.00533333 0.0106667 0.016 0.0213333 0.0266667 0.032 0.0373333 
0 0.00592593 0.0118519 0.0177778 0.0237037 0.0296296 0.0355556 0.0414815 
0 0.00651852 0.013037 0.0195556 0.0260741 0.0325926 0.0391111 0.0456296 
0 0.00711111 0.0142222 0.0213333 0.0284444 0.0355556 0.0426667 0.0497778 
